Vals: [0.5523999929428101, 0.6960999965667725, 0.7512000203132629, 0.7626000046730042, 0.772599995136261, 0.7718999981880188, 0.7728000283241272]
Losses: [1.2483854293823242, 0.8753790855407715, 0.7262886166572571, 0.7053861021995544, 0.7147064805030823, 0.7271274924278259, 0.7714730501174927]
Parameters: 271786