Vals: [0.5546000003814697, 0.6970999836921692, 0.7127000093460083, 0.7156999707221985, 0.6972000002861023, 0.6875, 0.6809999942779541]
Losses: [1.2445518970489502, 0.8692750930786133, 0.9165077209472656, 1.0411417484283447, 1.5617238283157349, 2.1154751777648926, 2.7087979316711426]
Parameters: 120474