Vals: [0.5572999715805054, 0.7210999727249146, 0.7236999869346619, 0.720300018787384, 0.7106000185012817, 0.7166000008583069, 0.7032999992370605]
Losses: [1.2213315963745117, 0.8017758727073669, 0.9896042943000793, 1.3294777870178223, 2.0479586124420166, 2.3740627765655518, 3.0750515460968018]
Parameters: 271786