Vals: [0.36550000309944153, 0.4278999865055084, 0.44429999589920044, 0.4546999931335449, 0.4374000132083893, 0.43810001015663147, 0.4514999985694885]
Losses: [1.7824548482894897, 1.6047686338424683, 1.5616916418075562, 1.5388137102127075, 1.5784963369369507, 1.5723538398742676, 1.5659425258636475]
Parameters: 789258