Vals: [0.3398999869823456, 0.36739999055862427, 0.3296000063419342, 0.38589999079704285, 0.3628000020980835, 0.326200008392334, 0.38199999928474426]
Losses: [1.8818576335906982, 1.8044041395187378, 1.9648982286453247, 1.7784231901168823, 1.8543823957443237, 2.077684164047241, 1.8296552896499634]
Parameters: 30730