Vals: [0.5145999789237976, 0.6467999815940857, 0.6909000277519226, 0.7009000182151794, 0.7081999778747559, 0.7170000076293945, 0.7013999819755554]
Losses: [1.3441818952560425, 1.023006796836853, 0.9214222431182861, 0.9036654233932495, 0.8950229287147522, 0.8938207030296326, 0.9713483452796936]
Parameters: 16554