Vals: [0.5936999917030334, 0.6935999989509583, 0.7199000120162964, 0.730400025844574, 0.7102000117301941, 0.7056999802589417, 0.704200029373169]
Losses: [1.17159104347229, 0.9010185599327087, 0.8620342016220093, 0.8687182664871216, 1.0975085496902466, 1.395569086074829, 1.8729521036148071]
Parameters: 53578