Vals: [0.5641999840736389, 0.682200014591217, 0.7268999814987183, 0.7450000047683716, 0.7684999704360962, 0.7735000252723694, 0.7720000147819519]
Losses: [1.2539005279541016, 0.9097955822944641, 0.7896341681480408, 0.7395989894866943, 0.6812962293624878, 0.668206512928009, 0.6667439937591553]
Parameters: 53578
